state(0,0): [5. 5. 5.]
state(0,1): [5. 5. 5.]
state(0,2): [5. 5. 5.]
state(0,3): [5. 5. 5.]
state(0,4): [5. 5. 5.]
state(0,5): [5. 5. 5.]
state(0,6): [5. 5. 5.]
state(0,7): [5. 5. 5.]
state(0,8): [5. 5. 5.]
state(0,9): [5. 5. 5.]
state(0,10): [5. 5. 5.]
state(0,11): [5. 5. 5.]
state(0,12): [5. 5. 5.]
state(0,13): [5. 5. 5.]
state(0,14): [5. 5. 5.]
state(0,15): [5. 5. 5.]
state(0,16): [5. 5. 5.]
state(0,17): [5. 5. 5.]
state(0,18): [5. 5. 5.]
state(0,19): [5. 5. 5.]
state(1,0): [5. 5. 5.]
state(1,1): [5. 5. 5.]
state(1,2): [-4.53475034 -7.4065415  -4.89245774]
state(1,3): [-36.3688506  -36.32655319 -36.32467675]
state(1,4): [-35.88451085 -37.08416888 -37.24982577]
state(1,5): [-37.07041291 -37.13808797 -36.59360172]
state(1,6): [-36.17851944 -36.48556628 -35.56874566]
state(1,7): [-34.60830403 -36.38717348 -36.45411668]
state(1,8): [-38.03124418 -38.08368464 -36.53569149]
state(1,9): [-37.42381025 -37.45850128 -35.87037681]
state(1,10): [-34.55412472 -33.77955524 -32.8425656 ]
state(1,11): [-32.41893096 -33.04107616 -31.46341739]
state(1,12): [-32.01756073 -31.39443131 -30.3961119 ]
state(1,13): [-28.58436182 -29.99288562 -30.18813098]
state(1,14): [5. 5. 5.]
state(1,15): [5. 5. 5.]
state(1,16): [5. 5. 5.]
state(1,17): [5. 5. 5.]
state(1,18): [5. 5. 5.]
state(1,19): [5. 5. 5.]
state(2,0): [5. 5. 5.]
state(2,1): [5. 5. 5.]
state(2,2): [-27.39149669 -27.78386536 -26.80177712]
state(2,3): [-38.0597652  -38.21485292 -38.20730551]
state(2,4): [-38.23933571 -38.63682558 -38.54389184]
state(2,5): [-38.45157023 -38.45879949 -38.21735916]
state(2,6): [-37.1078827  -38.39721072 -38.59057641]
state(2,7): [-39.35575891 -39.49798843 -39.68477644]
state(2,8): [-39.93520123 -39.56419954 -39.98290349]
state(2,9): [-39.64543199 -39.6446255  -39.64891155]
state(2,10): [-39.43953412 -39.35570907 -39.28302066]
state(2,11): [-37.90763133 -38.89058739 -38.64193134]
state(2,12): [-34.93466613 -33.65346816 -34.28236249]
state(2,13): [-29.29104938 -29.98032077 -27.28371714]
state(2,14): [-27.51387447 -26.84060985 -26.519891  ]
state(2,15): [-26.72587376 -25.52504454 -26.54358605]
state(2,16): [5. 5. 5.]
state(2,17): [5. 5. 5.]
state(2,18): [5. 5. 5.]
state(2,19): [5. 5. 5.]
state(3,0): [5. 5. 5.]
state(3,1): [1.34708902 5.         5.        ]
state(3,2): [-35.39136489 -35.18093385 -34.95950722]
state(3,3): [-39.24307435 -39.58800943 -39.62021268]
state(3,4): [-40.34211244 -40.27431746 -39.97785192]
state(3,5): [-39.77452197 -40.0795557  -40.27078814]
state(3,6): [-41.72013208 -42.12711511 -40.01749683]
state(3,7): [-43.26399797 -44.02701944 -43.95307886]
state(3,8): [-44.41955697 -43.89688394 -44.5531745 ]
state(3,9): [-44.48714549 -44.56685942 -42.82396178]
state(3,10): [-44.01405479 -43.9669967  -43.21147178]
state(3,11): [-42.81639882 -42.63809088 -41.78940093]
state(3,12): [-40.54894186 -40.35807733 -38.75654263]
state(3,13): [-38.46908753 -37.20597725 -38.22830389]
state(3,14): [-27.4911135  -27.27401165 -25.26438967]
state(3,15): [-25.6375389  -26.38353684 -24.55906596]
state(3,16): [-24.86626473 -25.77033464 -25.58093631]
state(3,17): [5. 5. 5.]
state(3,18): [5. 5. 5.]
state(3,19): [5. 5. 5.]
state(4,0): [5. 5. 5.]
state(4,1): [-13.15481807 -11.26728763 -13.74129436]
state(4,2): [-38.95790083 -39.00389121 -39.18580042]
state(4,3): [-40.78358226 -41.06105778 -40.98469632]
state(4,4): [-41.52493644 -41.70087099 -41.1890016 ]
state(4,5): [-40.709135   -42.77235648 -42.97667387]
state(4,6): [-46.27281374 -46.02212701 -46.2739188 ]
state(4,7): [-46.12128945 -46.7151323  -47.59660809]
state(4,8): [-49.12376686 -49.30463304 -49.39056612]
state(4,9): [-50.83546662 -50.81995752 -50.05962033]
state(4,10): [-51.42948828 -51.45938437 -51.8210563 ]
state(4,11): [-50.54866844 -51.00523211 -50.75176448]
state(4,12): [-48.97208104 -48.60283171 -48.48403191]
state(4,13): [-42.37968324 -40.16282484 -42.22826844]
state(4,14): [-38.27125282 -37.43723883 -38.27880976]
state(4,15): [-29.88228149 -28.44306211 -26.23211876]
state(4,16): [-23.76312919 -23.79354267 -22.83610098]
state(4,17): [-3.33120745 -3.34697889 -1.55373298]
state(4,18): [5. 5. 5.]
state(4,19): [5. 5. 5.]
state(5,0): [5. 5. 5.]
state(5,1): [-13.59322072 -19.40952308 -20.79729997]
state(5,2): [-40.39306167 -40.61813871 -40.65232706]
state(5,3): [-42.36308222 -42.36980704 -42.1899476 ]
state(5,4): [-42.54006783 -43.51361694 -43.48053391]
state(5,5): [-43.06068913 -46.9123471  -46.712192  ]
state(5,6): [-48.09261975 -49.58647985 -49.39601643]
state(5,7): [-52.67792559 -53.13472893 -52.85437535]
state(5,8): [-55.19199529 -56.93290501 -57.47787419]
state(5,9): [-59.26794253 -56.61521299 -57.48523959]
state(5,10): [-58.83599346 -58.37766089 -56.75021463]
state(5,11): [-58.38219575 -56.5370952  -56.38051516]
state(5,12): [-55.76796847 -54.82436753 -53.96577787]
state(5,13): [-52.62085055 -52.79381764 -52.61607121]
state(5,14): [-41.91665032 -41.53453202 -39.80986778]
state(5,15): [-36.57467832 -36.54535419 -36.53125478]
state(5,16): [-26.16902165 -26.71992838 -21.73373884]
state(5,17): [-22.49280242 -22.09573506 -21.3702721 ]
state(5,18): [5. 5. 5.]
state(5,19): [5. 5. 5.]
state(6,0): [5. 5. 5.]
state(6,1): [-16.73622074 -20.64709377 -19.5627448 ]
state(6,2): [-41.21658986 -41.32063797 -41.30597301]
state(6,3): [-43.50265813 -43.36243746 -43.4925972 ]
state(6,4): [-43.60950956 -44.42358392 -45.27541076]
state(6,5): [-46.47785566 -48.73282518 -48.51274944]
state(6,6): [-49.59479517 -51.10943143 -50.96573176]
state(6,7): [-55.76427482 -56.52841773 -56.44772333]
state(6,8): [-58.79559954 -59.25798021 -59.71102656]
state(6,9): [-63.83864102 -63.91727969 -62.40492097]
state(6,10): [-64.0586323  -63.9133125  -63.29866713]
state(6,11): [-62.80122285 -62.64026612 -61.39873387]
state(6,12): [-59.47843297 -55.80220737 -58.15016912]
state(6,13): [-56.3157111  -57.04495377 -53.19286008]
state(6,14): [-52.12032817 -52.1394008  -51.04316203]
state(6,15): [-41.2497758  -40.33901394 -36.07438445]
state(6,16): [-32.72088115 -32.63698043 -32.5616375 ]
state(6,17): [-22.06392522 -21.24364681 -20.13369252]
state(6,18): [-21.30619938 -19.35496401 -21.06283178]
state(6,19): [5. 5. 5.]
state(7,0): [5. 5. 5.]
state(7,1): [-17.67773829 -18.77261084 -21.09602101]
state(7,2): [-41.85553429 -41.98246295 -41.87819229]
state(7,3): [-44.10272891 -44.23443078 -44.20224784]
state(7,4): [-44.73619977 -45.44488821 -45.82490019]
state(7,5): [-47.5379154  -48.96430425 -49.58637617]
state(7,6): [-50.86352419 -52.21261847 -52.75656073]
state(7,7): [-56.47848121 -56.51143382 -56.62860162]
state(7,8): [-59.05127797 -60.31182976 -60.65407171]
state(7,9): [-61.96962496 -64.49950523 -65.12371675]
state(7,10): [-67.64415505 -67.80471942 -65.93778443]
state(7,11): [-65.97833902 -65.85282557 -65.95797649]
state(7,12): [-62.33520241 -62.15054801 -61.82112361]
state(7,13): [-60.21250207 -59.44840475 -55.73852756]
state(7,14): [-54.30765314 -54.5081662  -53.05360635]
state(7,15): [-46.10369508 -46.0588142  -45.5711662 ]
state(7,16): [-36.10332935 -35.66214125 -35.12412578]
state(7,17): [-22.51599748 -22.77345998 -19.47817732]
state(7,18): [-19.28060685 -18.88857727 -19.17766451]
state(7,19): [5. 5. 5.]
state(8,0): [5. 5. 5.]
state(8,1): [-10.23348458 -10.33385746 -13.16744587]
state(8,2): [-42.241985   -42.25720018 -42.40194805]
state(8,3): [-44.34769849 -44.19128664 -44.44017821]
state(8,4): [-45.77132949 -45.93032475 -45.97168162]
state(8,5): [-47.39659597 -48.87907575 -48.97165525]
state(8,6): [-51.24683146 -52.39958507 -52.6302184 ]
state(8,7): [-55.49101089 -55.54932579 -55.51666979]
state(8,8): [-58.08892208 -61.32745873 -60.48895331]
state(8,9): [-61.26207163 -63.0181231  -64.27847163]
state(8,10): [-65.20020447 -65.10553586 -66.67775851]
state(8,11): [-65.37734085 -65.45624756 -64.47670625]
state(8,12): [-63.76197309 -63.3465989  -63.02102635]
state(8,13): [-61.47619578 -60.85927637 -57.16120939]
state(8,14): [-55.85557272 -56.66289501 -53.20141596]
state(8,15): [-51.08508751 -50.94516983 -51.00196541]
state(8,16): [-38.61952884 -38.25422581 -35.16049444]
state(8,17): [-22.69773859 -22.38013369 -20.40175972]
state(8,18): [-18.25246602 -17.81214043 -17.67331286]
state(8,19): [5. 5. 5.]
state(9,0): [5. 5. 5.]
state(9,1): [3.29755012 3.19602738 4.74233585]
state(9,2): [-41.94313103 -41.98661128 -42.19148623]
state(9,3): [-43.83442368 -44.15063003 -44.26263213]
state(9,4): [-46.71219466 -46.67889292 -46.84430224]
state(9,5): [-47.3332219  -48.29659668 -48.28172822]
state(9,6): [-50.9671104  -51.97226921 -52.00496461]
state(9,7): [-54.64422052 -54.72413785 -54.676748  ]
state(9,8): [-57.68361148 -57.62348269 -57.60624362]
state(9,9): [-62.51806148 -61.0822491  -63.21653643]
state(9,10): [-62.4323712  -65.23890527 -65.28379896]
state(9,11): [-64.96737664 -64.0988942  -65.03933491]
state(9,12): [-63.3132863  -63.3027054  -62.86290574]
state(9,13): [-60.76990694 -60.82365248 -60.11928693]
state(9,14): [-57.04660296 -56.33320008 -54.34562265]
state(9,15): [-51.82910158 -51.52605358 -51.56093962]
state(9,16): [-38.81190864 -38.56295512 -35.13221029]
state(9,17): [-23.64953933 -21.95806626 -19.50368416]
state(9,18): [-16.84131027 -16.87808926 -15.91765572]
state(9,19): [5. 5. 5.]
state(10,0): [5. 5. 5.]
state(10,1): [5. 5. 5.]
state(10,2): [-37.14757059 -37.34807452 -37.01960554]
state(10,3): [-42.88180506 -43.86946364 -43.88828385]
state(10,4): [-46.53720699 -46.50688602 -46.48140809]
state(10,5): [-47.89034065 -48.12358813 -48.12534475]
state(10,6): [-50.70191195 -50.88980535 -49.68175158]
state(10,7): [-53.07884646 -53.66859062 -53.64575733]
state(10,8): [-55.83750476 -55.78470529 -55.94189709]
state(10,9): [-59.36120962 -58.47619984 -60.02149418]
state(10,10): [-59.92072807 -60.19428083 -60.37019331]
state(10,11): [-60.62203107 -60.60677964 -60.57390123]
state(10,12): [-60.04328393 -60.21230619 -60.2455278 ]
state(10,13): [-58.40227659 -57.96939516 -58.25368144]
state(10,14): [-54.77703441 -54.64728752 -54.38276874]
state(10,15): [-51.31912036 -51.08462865 -51.14583794]
state(10,16): [-36.7883452  -38.44725688 -30.71144505]
state(10,17): [-22.86726305 -19.13684788 -21.86145053]
state(10,18): [-16.21716777 -15.76986213 -14.70822047]
state(10,19): [5. 5. 5.]
state(11,0): [5. 5. 5.]
state(11,1): [5. 5. 5.]
state(11,2): [-5.00366794 -2.29977657 -1.76003258]
state(11,3): [-42.31120457 -42.40416929 -42.29386448]
state(11,4): [-43.61668646 -45.25086764 -44.97226155]
state(11,5): [-48.05328639 -48.07976526 -48.05183497]
state(11,6): [-49.29567873 -49.71262854 -49.76388724]
state(11,7): [-51.2278818  -50.41130466 -51.88887494]
state(11,8): [-53.88313341 -53.92269005 -53.81084904]
state(11,9): [-55.7119163  -55.74004015 -56.05866814]
state(11,10): [-56.17273252 -56.14848166 -56.18563008]
state(11,11): [-56.45013562 -56.44809724 -56.46635255]
state(11,12): [-56.60835912 -56.59200152 -56.21438048]
state(11,13): [-55.76508681 -56.33521494 -54.03410072]
state(11,14): [-53.72228395 -53.70420336 -53.55346085]
state(11,15): [-47.03065424 -45.79461873 -46.58086189]
state(11,16): [-35.37703163 -35.05915406 -27.41112681]
state(11,17): [-15.358973   -15.97324554 -12.84638401]
state(11,18): [-15.31311641 -13.93200705 -12.90346973]
state(11,19): [5. 5. 5.]
state(12,0): [5. 5. 5.]
state(12,1): [5. 5. 5.]
state(12,2): [5. 5. 5.]
state(12,3): [-31.71287276 -33.09473126 -31.99635528]
state(12,4): [-43.32455117 -43.31660372 -43.25887559]
state(12,5): [-45.75186521 -45.01003137 -45.69281755]
state(12,6): [-49.10378527 -49.11705139 -49.13235309]
state(12,7): [-50.54060461 -50.6593663  -50.62346497]
state(12,8): [-51.16923527 -51.14125042 -51.12525041]
state(12,9): [-51.96650898 -52.77989739 -52.75238471]
state(12,10): [-53.39051314 -53.14021861 -53.27984495]
state(12,11): [-53.03754427 -53.78550784 -53.76359729]
state(12,12): [-53.45648622 -53.54869352 -53.16433339]
state(12,13): [-53.52357125 -53.51548311 -53.50283057]
state(12,14): [-52.00055546 -52.04585717 -51.85191507]
state(12,15): [-33.91926001 -43.13920866 -42.48167902]
state(12,16): [-26.84330818 -25.99682936 -26.46534691]
state(12,17): [-12.70491508 -10.50399332 -12.79085221]
state(12,18): [-11.49461505 -12.80935752 -13.62415279]
state(12,19): [5. 5. 5.]
state(13,0): [5. 5. 5.]
state(13,1): [5. 5. 5.]
state(13,2): [5. 5. 5.]
state(13,3): [3.68705393 4.16821107 4.2030261 ]
state(13,4): [-36.03135721 -35.81577344 -36.35811828]
state(13,5): [-43.02506252 -43.08381593 -42.98055811]
state(13,6): [-44.37508087 -45.31819563 -45.42950646]
state(13,7): [-48.5734811  -48.57237813 -48.5090507 ]
state(13,8): [-50.73403516 -50.79813054 -50.76586936]
state(13,9): [-51.50973398 -51.45666915 -51.51406005]
state(13,10): [-51.92684121 -51.95071326 -51.94251795]
state(13,11): [-52.44861509 -52.43570065 -52.47866141]
state(13,12): [-52.3526947  -52.38038471 -52.34879732]
state(13,13): [-50.85237442 -50.77315753 -50.70342646]
state(13,14): [-45.04601165 -45.0501622  -39.33271203]
state(13,15): [-35.77652347 -34.49401752 -24.93850011]
state(13,16): [-15.90732827 -14.3364299   -9.11765873]
state(13,17): [-10.10046267  -9.99423612  -9.1669034 ]
state(13,18): [3.62435913 5.         5.        ]
state(13,19): [5. 5. 5.]
state(14,0): [5. 5. 5.]
state(14,1): [5. 5. 5.]
state(14,2): [5. 5. 5.]
state(14,3): [5. 5. 5.]
state(14,4): [3.15667244 2.22018503 2.18832138]
state(14,5): [-38.48817428 -38.73637127 -38.31569184]
state(14,6): [-41.53757634 -42.11127048 -41.99975477]
state(14,7): [-44.12480882 -43.48914755 -44.17685491]
state(14,8): [-45.94023844 -46.00879572 -45.72419757]
state(14,9): [-47.21364195 -47.0653351  -47.4410461 ]
state(14,10): [-47.57505886 -47.59067361 -47.59649319]
state(14,11): [-47.7550551  -47.75538736 -47.75905027]
state(14,12): [-47.09537891 -47.10577708 -46.88056214]
state(14,13): [-45.36616185 -41.87450779 -45.42988471]
state(14,14): [-36.08759878 -35.38399234 -32.4736607 ]
state(14,15): [-19.66473615 -20.94287779 -20.02593333]
state(14,16): [-8.87269036 -7.84954844 -6.8937605 ]
state(14,17): [-8.39526077 -7.93965846 -8.8759901 ]
state(14,18): [5. 5. 5.]
state(14,19): [5. 5. 5.]
state(15,0): [5. 5. 5.]
state(15,1): [5. 5. 5.]
state(15,2): [5. 5. 5.]
state(15,3): [5. 5. 5.]
state(15,4): [5. 5. 5.]
state(15,5): [-2.55650773 -1.85765814 -3.57445931]
state(15,6): [-37.90353486 -37.50674481 -37.63171503]
state(15,7): [-41.69150716 -41.74835829 -41.64563059]
state(15,8): [-42.63470168 -43.24867351 -43.26101748]
state(15,9): [-44.1955148  -44.36290943 -44.39085558]
state(15,10): [-44.89945781 -44.83431014 -44.92920727]
state(15,11): [-45.31669697 -44.63272949 -45.30913407]
state(15,12): [-44.45389954 -42.67375166 -44.34018384]
state(15,13): [-35.95439167 -35.73682749 -37.04209884]
state(15,14): [-24.74830029 -23.16703251 -23.92480324]
state(15,15): [-8.46515376 -7.08414797 -4.39992574]
state(15,16): [-5.86269419 -5.49826756 -5.86969388]
state(15,17): [4.51135585 4.17249415 3.83925202]
state(15,18): [5. 5. 5.]
state(15,19): [5. 5. 5.]
state(16,0): [5. 5. 5.]
state(16,1): [5. 5. 5.]
state(16,2): [5. 5. 5.]
state(16,3): [5. 5. 5.]
state(16,4): [5. 5. 5.]
state(16,5): [5. 5. 5.]
state(16,6): [1.43871408 1.48210916 1.02959295]
state(16,7): [-35.39835218 -35.54325343 -35.78950848]
state(16,8): [-41.17085722 -41.37829606 -41.21970308]
state(16,9): [-42.1643735  -42.26716839 -42.26595315]
state(16,10): [-43.17409469 -43.11699549 -43.2168948 ]
state(16,11): [-42.01012486 -41.47934117 -41.3411586 ]
state(16,12): [-35.82695416 -35.71826749 -35.23375917]
state(16,13): [-21.89380173 -22.43280145 -22.41748009]
state(16,14): [-7.02871577 -7.76622099 -5.46886636]
state(16,15): [-3.64362374 -3.46722131 -3.17729542]
state(16,16): [-3.79931947 -4.25130818 -4.25998534]
state(16,17): [5. 5. 5.]
state(16,18): [5. 5. 5.]
state(16,19): [5. 5. 5.]
state(17,0): [5. 5. 5.]
state(17,1): [5. 5. 5.]
state(17,2): [5. 5. 5.]
state(17,3): [5. 5. 5.]
state(17,4): [5. 5. 5.]
state(17,5): [5. 5. 5.]
state(17,6): [5. 5. 5.]
state(17,7): [3.8285701  3.53669477 4.27664535]
state(17,8): [-27.95734316 -27.8380764  -27.51395295]
state(17,9): [-32.62068837 -33.2971449  -32.89943308]
state(17,10): [-33.10385516 -33.02236648 -33.89369054]
state(17,11): [-25.70584755 -26.22602818 -24.14279149]
state(17,12): [-15.85018586 -12.68951076  -8.28339173]
state(17,13): [-3.85724963 -3.38087201 -2.84206148]
state(17,14): [-1.68892941 -0.8581256  -2.45353334]
state(17,15): [-1.4192187  -1.14233637 -1.23977352]
state(17,16): [2.3546171  2.44986032 2.45155508]
state(17,17): [5. 5. 5.]
state(17,18): [5. 5. 5.]
state(17,19): [5. 5. 5.]
state(18,0): [5. 5. 5.]
state(18,1): [5. 5. 5.]
state(18,2): [5. 5. 5.]
state(18,3): [5. 5. 5.]
state(18,4): [5. 5. 5.]
state(18,5): [5. 5. 5.]
state(18,6): [5. 5. 5.]
state(18,7): [5. 5. 5.]
state(18,8): [5. 5. 5.]
state(18,9): [-17.3667561  -15.17931754 -16.68237405]
state(18,10): [-15.12165428 -15.13199014 -15.07569921]
state(18,11): [-12.32714316 -12.41886529 -11.13582129]
state(18,12): [-2.65071981 -2.98113792 -1.43249872]
state(18,13): [-0.4544637   0.95622715 -0.19395041]
state(18,14): [0.3194776  0.55975491 1.9568278 ]
state(18,15): [1.15067751 1.20448689 2.16320631]
state(18,16): [4.2356348  4.37419296 4.5910038 ]
state(18,17): [5. 5. 5.]
state(18,18): [5. 5. 5.]
state(18,19): [5. 5. 5.]
state(19,0): [5. 5. 5.]
state(19,1): [5. 5. 5.]
state(19,2): [5. 5. 5.]
state(19,3): [5. 5. 5.]
state(19,4): [5. 5. 5.]
state(19,5): [5. 5. 5.]
state(19,6): [5. 5. 5.]
state(19,7): [5. 5. 5.]
state(19,8): [5. 5. 5.]
state(19,9): [5. 5. 5.]
state(19,10): [5. 5. 5.]
state(19,11): [5. 5. 5.]
state(19,12): [5. 5. 5.]
state(19,13): [5. 5. 5.]
state(19,14): [5. 5. 5.]
state(19,15): [5. 5. 5.]
state(19,16): [5. 5. 5.]
state(19,17): [5. 5. 5.]
state(19,18): [5. 5. 5.]
state(19,19): [5. 5. 5.]
