state(0,0): [0. 0. 0.]
state(0,1): [0. 0. 0.]
state(0,2): [0. 0. 0.]
state(0,3): [0. 0. 0.]
state(0,4): [0. 0. 0.]
state(0,5): [0. 0. 0.]
state(0,6): [0. 0. 0.]
state(0,7): [0. 0. 0.]
state(0,8): [0. 0. 0.]
state(0,9): [0. 0. 0.]
state(0,10): [0. 0. 0.]
state(0,11): [0. 0. 0.]
state(0,12): [0. 0. 0.]
state(0,13): [0. 0. 0.]
state(0,14): [0. 0. 0.]
state(0,15): [0. 0. 0.]
state(0,16): [0. 0. 0.]
state(0,17): [0. 0. 0.]
state(0,18): [0. 0. 0.]
state(0,19): [0. 0. 0.]
state(1,0): [0. 0. 0.]
state(1,1): [0. 0. 0.]
state(1,2): [-1.67929784 -2.08278299  0.        ]
state(1,3): [-39.15407684 -39.12652524 -39.11550734]
state(1,4): [-38.91088223 -38.84131764 -39.5101494 ]
state(1,5): [-39.29025228 -39.35815512 -39.41421942]
state(1,6): [-40.41964059 -40.43668691 -40.45686217]
state(1,7): [-40.27177857 -40.26262313 -40.31200902]
state(1,8): [-40.36334165 -40.42923749 -40.39074758]
state(1,9): [-40.15476563 -40.18439056 -40.20709416]
state(1,10): [-39.80848926 -39.81653245 -39.55956481]
state(1,11): [-38.87500722 -38.76389265 -38.46889604]
state(1,12): [-37.55275243 -37.53132691 -37.44761381]
state(1,13): [-36.25732126 -36.24907129 -36.28157485]
state(1,14): [0. 0. 0.]
state(1,15): [0. 0. 0.]
state(1,16): [0. 0. 0.]
state(1,17): [0. 0. 0.]
state(1,18): [0. 0. 0.]
state(1,19): [0. 0. 0.]
state(2,0): [0. 0. 0.]
state(2,1): [0. 0. 0.]
state(2,2): [-35.53572602 -35.63149183 -35.79235419]
state(2,3): [-38.98924429 -39.32692627 -39.67767938]
state(2,4): [-40.35434005 -40.3861562  -40.28942248]
state(2,5): [-41.33351362 -41.14820594 -41.3164926 ]
state(2,6): [-41.95839309 -41.96841554 -41.95423258]
state(2,7): [-42.97784799 -42.98728179 -42.7624107 ]
state(2,8): [-43.74588753 -42.51164694 -44.11269659]
state(2,9): [-42.85478903 -43.13414636 -41.73178966]
state(2,10): [-42.75793459 -42.49014473 -40.56834339]
state(2,11): [-40.64412363 -41.38180358 -39.14267694]
state(2,12): [-39.58181692 -39.51366507 -38.17782472]
state(2,13): [-35.98072066 -36.27176206 -35.77648778]
state(2,14): [-35.24227293 -35.19370821 -35.19846109]
state(2,15): [-28.58252656 -29.16379468 -29.31529839]
state(2,16): [0. 0. 0.]
state(2,17): [0. 0. 0.]
state(2,18): [0. 0. 0.]
state(2,19): [0. 0. 0.]
state(3,0): [0. 0. 0.]
state(3,1): [0. 0. 0.]
state(3,2): [-38.27894981 -39.55368896 -39.89050885]
state(3,3): [-41.28554007 -40.37149526 -40.15395112]
state(3,4): [-42.23581736 -42.00588622 -42.20718553]
state(3,5): [-43.62822244 -43.61681673 -43.54476366]
state(3,6): [-46.20025148 -45.19936621 -46.21245802]
state(3,7): [-46.56214163 -46.25466537 -45.0937095 ]
state(3,8): [-44.06419441 -45.34367228 -45.11248241]
state(3,9): [-49.6138599  -42.77687457 -49.66033276]
state(3,10): [-51.23432356 -51.91719629 -40.50466217]
state(3,11): [-45.5857484  -47.57607924 -38.53842136]
state(3,12): [-39.37083966 -38.85368315 -37.548303  ]
state(3,13): [-39.4649495  -38.19759718 -36.32195335]
state(3,14): [-35.22637151 -35.12344245 -35.23071656]
state(3,15): [-33.867684   -33.82666675 -33.85170255]
state(3,16): [-27.863816   -28.00734407 -28.0789546 ]
state(3,17): [0. 0. 0.]
state(3,18): [0. 0. 0.]
state(3,19): [0. 0. 0.]
state(4,0): [0. 0. 0.]
state(4,1): [-10.86769621 -10.6376238  -13.08348649]
state(4,2): [-40.34070938 -41.77335843 -42.01564786]
state(4,3): [-42.84320693 -42.56540363 -42.79055217]
state(4,4): [-43.36924869 -43.55266219 -43.54826425]
state(4,5): [-46.14680457 -47.17083421 -47.35136566]
state(4,6): [-47.25026011 -48.32171609 -48.90708363]
state(4,7): [-46.59266718 -50.42858444 -52.36527869]
state(4,8): [-53.16139092 -56.05244721 -55.90770386]
state(4,9): [-58.69551594 -58.62721264 -58.6421463 ]
state(4,10): [-59.22532599 -59.17778211 -59.14129347]
state(4,11): [-59.31958141 -58.17483783 -59.23937637]
state(4,12): [-55.09165006 -49.89072742 -54.83242803]
state(4,13): [-44.7615763  -45.18328943 -35.52768693]
state(4,14): [-37.660704   -36.46461073 -34.70151204]
state(4,15): [-33.7605032  -33.90125445 -33.09582128]
state(4,16): [-30.91612227 -30.75034193 -30.27467883]
state(4,17): [-9.30493346 -8.43273599 -7.40385478]
state(4,18): [0. 0. 0.]
state(4,19): [0. 0. 0.]
state(5,0): [0. 0. 0.]
state(5,1): [-28.10562638 -30.14804393 -30.02347537]
state(5,2): [-41.66790564 -42.82823962 -43.30507322]
state(5,3): [-43.99126869 -44.05378702 -43.8076374 ]
state(5,4): [-45.35991192 -45.63846675 -45.40618215]
state(5,5): [-49.72994787 -49.75331582 -49.78341726]
state(5,6): [-49.69740046 -51.15056394 -51.0582227 ]
state(5,7): [-57.06492406 -59.56835688 -59.56589533]
state(5,8): [-64.20031352 -62.656532   -64.19731712]
state(5,9): [-63.99337335 -64.01332409 -63.98698623]
state(5,10): [-63.70586551 -63.62056262 -63.72276341]
state(5,11): [-62.98207882 -62.77940498 -62.72854626]
state(5,12): [-62.27273998 -62.25370825 -61.87963923]
state(5,13): [-59.97093615 -59.77765472 -59.75974964]
state(5,14): [-46.89133619 -48.33759422 -34.58112218]
state(5,15): [-33.97944533 -33.69841755 -34.46165483]
state(5,16): [-30.88688648 -30.75032369 -29.24284598]
state(5,17): [-28.51562652 -28.48310818 -28.05993869]
state(5,18): [0. 0. 0.]
state(5,19): [0. 0. 0.]
state(6,0): [0. 0. 0.]
state(6,1): [-27.97818195 -27.78548128 -29.01413314]
state(6,2): [-44.12416567 -42.86605921 -43.66251343]
state(6,3): [-44.69323227 -44.96756137 -45.16984897]
state(6,4): [-45.99188479 -46.2989304  -46.08657854]
state(6,5): [-51.01211518 -51.24517069 -51.21104424]
state(6,6): [-50.76729451 -52.37783686 -52.35779849]
state(6,7): [-61.47269418 -63.09358664 -63.42557117]
state(6,8): [-65.90365999 -66.35136645 -66.27972629]
state(6,9): [-67.2946467  -67.27978608 -67.00331163]
state(6,10): [-66.85220017 -67.03788126 -66.63924815]
state(6,11): [-65.78950941 -65.42878374 -65.67749288]
state(6,12): [-63.52446903 -63.5290252  -63.40653981]
state(6,13): [-62.7040661  -62.66295689 -61.96032172]
state(6,14): [-58.78673124 -58.93621199 -58.75742543]
state(6,15): [-44.3789923  -37.10542459 -32.82817671]
state(6,16): [-34.68341361 -32.33647696 -32.84775633]
state(6,17): [-28.3674887  -28.13484266 -27.5802947 ]
state(6,18): [-23.62776445 -24.76535089 -24.23751281]
state(6,19): [0. 0. 0.]
state(7,0): [0. 0. 0.]
state(7,1): [-25.81189839 -26.30997244 -25.69919858]
state(7,2): [-39.02583572 -44.80083637 -44.82605793]
state(7,3): [-45.65576842 -45.78914726 -46.03845485]
state(7,4): [-46.44427127 -46.47067837 -46.46351235]
state(7,5): [-52.17105482 -52.21475121 -52.19403656]
state(7,6): [-52.12954389 -54.78482568 -54.9385778 ]
state(7,7): [-61.59449972 -62.43290877 -62.42768539]
state(7,8): [-65.58096751 -66.54535999 -66.49831935]
state(7,9): [-67.78800774 -69.14916437 -69.28764376]
state(7,10): [-70.11065805 -70.46350815 -68.66164093]
state(7,11): [-68.13938245 -67.05457904 -66.35756509]
state(7,12): [-65.17775404 -65.2560073  -64.26156993]
state(7,13): [-63.21072582 -63.20691867 -63.01225364]
state(7,14): [-62.38646974 -62.5947432  -60.52652674]
state(7,15): [-51.79390072 -46.23586034 -51.52310219]
state(7,16): [-32.19074201 -32.01371434 -31.26518782]
state(7,17): [-27.85251286 -27.18993677 -26.89127338]
state(7,18): [-25.72045102 -25.48132281 -25.52157724]
state(7,19): [0. 0. 0.]
state(8,0): [0. 0. 0.]
state(8,1): [-14.58296174 -13.6452131  -16.72071491]
state(8,2): [-33.67778859 -44.51628089 -43.51747126]
state(8,3): [-45.45794048 -46.44533533 -46.85937107]
state(8,4): [-47.08580517 -47.10655219 -47.12627621]
state(8,5): [-52.61589986 -52.66813048 -52.66090651]
state(8,6): [-53.40141689 -53.88752051 -54.2237555 ]
state(8,7): [-54.62365169 -59.26045833 -59.33877605]
state(8,8): [-66.87812991 -67.12713958 -67.27941841]
state(8,9): [-68.24663069 -68.93621934 -68.85865863]
state(8,10): [-69.62140968 -70.604794   -70.86311602]
state(8,11): [-68.13996759 -68.11806698 -65.25887055]
state(8,12): [-65.2970259  -64.76377223 -63.85975494]
state(8,13): [-63.73838398 -63.21897207 -62.90968341]
state(8,14): [-62.69806577 -62.62893312 -62.6972001 ]
state(8,15): [-54.81192504 -54.57088974 -50.41044958]
state(8,16): [-30.26247581 -33.77126772 -29.4296647 ]
state(8,17): [-27.4772927  -27.46495611 -27.39342792]
state(8,18): [-25.24090876 -25.16224417 -24.88665176]
state(8,19): [0. 0. 0.]
state(9,0): [0. 0. 0.]
state(9,1): [-0.7145854  -1.38388849 -1.05581891]
state(9,2): [-38.07216139 -44.48575212 -44.9028939 ]
state(9,3): [-46.35168917 -46.35282634 -47.39809594]
state(9,4): [-47.75830528 -47.65510669 -47.91723384]
state(9,5): [-51.29417034 -51.67841524 -51.68290438]
state(9,6): [-54.16771624 -54.20799277 -54.24352118]
state(9,7): [-55.18176771 -57.08836128 -56.68583033]
state(9,8): [-56.09232569 -59.10424662 -59.79492906]
state(9,9): [-68.38563347 -68.37943877 -68.39367967]
state(9,10): [-68.92504364 -68.99324854 -68.98551851]
state(9,11): [-68.10609966 -67.53112936 -68.18051206]
state(9,12): [-63.44319398 -63.74958488 -62.20486546]
state(9,13): [-62.55990994 -62.35476392 -62.0313144 ]
state(9,14): [-61.95776005 -61.75025912 -61.91762848]
state(9,15): [-56.01972332 -55.16697047 -55.63607179]
state(9,16): [-33.84072561 -30.43822967 -29.41750341]
state(9,17): [-27.80548843 -27.80279238 -27.63366142]
state(9,18): [-24.6937767  -24.51353137 -23.30202168]
state(9,19): [0. 0. 0.]
state(10,0): [0. 0. 0.]
state(10,1): [0. 0. 0.]
state(10,2): [-41.40148881 -41.82181363 -41.38812677]
state(10,3): [-43.37592237 -45.66005789 -46.0840869 ]
state(10,4): [-47.25761363 -48.46201939 -48.28957383]
state(10,5): [-49.4173774  -49.37933949 -49.50483875]
state(10,6): [-53.41746118 -53.41031676 -53.48427543]
state(10,7): [-55.52883    -55.52530475 -55.57613168]
state(10,8): [-56.51711008 -56.59662204 -56.93360212]
state(10,9): [-57.46593599 -59.55910892 -59.52364342]
state(10,10): [-58.82485827 -60.74687917 -61.29945338]
state(10,11): [-59.94359562 -62.20779259 -61.59552591]
state(10,12): [-61.21977536 -60.1153803  -60.94432603]
state(10,13): [-60.71821915 -61.02243197 -60.94472161]
state(10,14): [-60.05722709 -60.44538692 -60.42298647]
state(10,15): [-55.89454677 -55.8148427  -53.73395572]
state(10,16): [-29.75808529 -30.2712915  -28.80120548]
state(10,17): [-26.70782114 -26.92361453 -26.87430894]
state(10,18): [-23.19926182 -23.22135897 -21.64940769]
state(10,19): [0. 0. 0.]
state(11,0): [0. 0. 0.]
state(11,1): [0. 0. 0.]
state(11,2): [-14.81607414 -14.19016046 -12.69550159]
state(11,3): [-43.56004174 -46.63305734 -45.7483624 ]
state(11,4): [-46.67593406 -48.07320337 -47.76096273]
state(11,5): [-48.86632261 -49.67106978 -49.7046439 ]
state(11,6): [-50.50670947 -50.90229843 -51.31771251]
state(11,7): [-54.12073875 -54.14121554 -54.10187591]
state(11,8): [-56.01978819 -55.91433807 -55.94652061]
state(11,9): [-57.22629564 -57.12426689 -57.22739973]
state(11,10): [-57.65840536 -57.71086623 -57.6834207 ]
state(11,11): [-58.21869163 -58.26309061 -58.25376891]
state(11,12): [-58.61650358 -58.65063071 -58.70639738]
state(11,13): [-59.18163096 -59.02910558 -59.21529603]
state(11,14): [-58.26151911 -58.27125941 -56.17043424]
state(11,15): [-53.19937938 -37.77270516 -53.15250719]
state(11,16): [-28.5720014  -28.3115151  -27.85025808]
state(11,17): [-23.37087125 -22.72044547 -22.76505824]
state(11,18): [-20.46853236 -20.62569309 -19.45300635]
state(11,19): [0. 0. 0.]
state(12,0): [0. 0. 0.]
state(12,1): [0. 0. 0.]
state(12,2): [0. 0. 0.]
state(12,3): [-39.81684572 -39.78635328 -39.41870803]
state(12,4): [-46.13645772 -44.09235196 -47.04901563]
state(12,5): [-48.68854654 -49.16197046 -48.89788484]
state(12,6): [-50.51982379 -50.68595578 -50.72558159]
state(12,7): [-51.72112231 -51.93185391 -52.01028641]
state(12,8): [-53.16047737 -53.4990066  -53.41313384]
state(12,9): [-55.38805066 -55.4210813  -55.19050976]
state(12,10): [-56.20707259 -56.28757221 -56.26577647]
state(12,11): [-56.79558588 -56.75789323 -56.9537371 ]
state(12,12): [-56.96824131 -57.20124174 -57.38433476]
state(12,13): [-57.46054686 -56.66496421 -57.45181671]
state(12,14): [-56.79567936 -48.42826636 -56.16220909]
state(12,15): [-37.61146186 -37.43381334 -26.07540727]
state(12,16): [-26.10909789 -25.69533403 -26.12410436]
state(12,17): [-20.66508812 -20.800018   -18.52991649]
state(12,18): [-16.51914017 -16.06828411 -15.79081458]
state(12,19): [0. 0. 0.]
state(13,0): [0. 0. 0.]
state(13,1): [0. 0. 0.]
state(13,2): [0. 0. 0.]
state(13,3): [-1.5103348  -1.92961089  0.        ]
state(13,4): [-43.95335707 -43.96379762 -43.93873301]
state(13,5): [-44.95494468 -48.2662929  -47.2674731 ]
state(13,6): [-48.92607664 -49.07940414 -49.38008614]
state(13,7): [-51.18053112 -51.68133331 -51.69223786]
state(13,8): [-52.8208788  -52.90309435 -52.88037579]
state(13,9): [-53.92973228 -53.92270446 -53.8290364 ]
state(13,10): [-54.70369064 -54.7758249  -54.80754833]
state(13,11): [-55.45846661 -55.51949025 -55.5178836 ]
state(13,12): [-56.10654241 -55.83753413 -56.16503562]
state(13,13): [-55.90428042 -55.76210618 -49.88242639]
state(13,14): [-50.3065726  -47.51514224 -29.60661462]
state(13,15): [-26.29024395 -25.92878797 -24.94800202]
state(13,16): [-22.04607187 -22.12425911 -21.41530276]
state(13,17): [-18.54758343 -18.5019814  -17.06479337]
state(13,18): [-7.52586056 -7.45676504 -7.26585418]
state(13,19): [0. 0. 0.]
state(14,0): [0. 0. 0.]
state(14,1): [0. 0. 0.]
state(14,2): [0. 0. 0.]
state(14,3): [0. 0. 0.]
state(14,4): [-2.65399037 -6.55017172 -2.89956038]
state(14,5): [-45.25268966 -45.25130072 -45.27850584]
state(14,6): [-46.51056427 -47.47948743 -47.98778737]
state(14,7): [-48.92768932 -49.68943921 -49.81822462]
state(14,8): [-51.03216823 -51.22629396 -51.25378622]
state(14,9): [-52.55165599 -52.81751502 -52.83569701]
state(14,10): [-53.32814992 -53.36432326 -53.37012851]
state(14,11): [-53.72713568 -53.60064938 -53.72110106]
state(14,12): [-53.57573195 -53.58457453 -53.13420412]
state(14,13): [-47.74578572 -47.31778125 -33.81441401]
state(14,14): [-25.86670289 -28.35075992 -23.9966267 ]
state(14,15): [-23.60187136 -22.99395034 -23.62177677]
state(14,16): [-16.24049537 -15.60937651 -17.00578033]
state(14,17): [-14.37613071 -14.54171169 -14.55050972]
state(14,18): [0. 0. 0.]
state(14,19): [0. 0. 0.]
state(15,0): [0. 0. 0.]
state(15,1): [0. 0. 0.]
state(15,2): [0. 0. 0.]
state(15,3): [0. 0. 0.]
state(15,4): [0. 0. 0.]
state(15,5): [-6.49523662 -6.89837642 -5.79443661]
state(15,6): [-45.12411689 -45.05602847 -44.939565  ]
state(15,7): [-46.36787352 -47.80982876 -47.63107522]
state(15,8): [-49.83461009 -49.05648155 -49.81210756]
state(15,9): [-51.07902927 -51.00162556 -51.19543464]
state(15,10): [-51.75253576 -51.76588936 -51.71768017]
state(15,11): [-47.23618832 -51.48030429 -52.03516561]
state(15,12): [-45.66028388 -39.27740274 -24.53818031]
state(15,13): [-27.3616199  -21.62481515 -27.88152681]
state(15,14): [-22.77519011 -22.73569359 -21.78208205]
state(15,15): [-16.59915353 -15.63983658 -16.47440991]
state(15,16): [-13.29635314 -13.62851338 -12.59308115]
state(15,17): [-9.80028778 -9.81623563 -9.83740682]
state(15,18): [0. 0. 0.]
state(15,19): [0. 0. 0.]
state(16,0): [0. 0. 0.]
state(16,1): [0. 0. 0.]
state(16,2): [0. 0. 0.]
state(16,3): [0. 0. 0.]
state(16,4): [0. 0. 0.]
state(16,5): [0. 0. 0.]
state(16,6): [-4.95039856 -6.30477662 -5.25475172]
state(16,7): [-42.81779443 -43.03813739 -42.73614423]
state(16,8): [-44.60404672 -44.6095138  -44.44564863]
state(16,9): [-46.91668733 -46.4188779  -46.86931445]
state(16,10): [-47.11192134 -47.19446828 -47.19476907]
state(16,11): [-42.36150437 -40.60067107 -29.13877513]
state(16,12): [-25.64134356 -25.76044397 -25.31482936]
state(16,13): [-20.68197266 -20.34077235 -16.111619  ]
state(16,14): [-15.44877143 -15.57483645 -15.58886932]
state(16,15): [ -9.43613535 -10.05549665  -8.14318373]
state(16,16): [-9.15767284 -9.16511292 -9.16329802]
state(16,17): [0. 0. 0.]
state(16,18): [0. 0. 0.]
state(16,19): [0. 0. 0.]
state(17,0): [0. 0. 0.]
state(17,1): [0. 0. 0.]
state(17,2): [0. 0. 0.]
state(17,3): [0. 0. 0.]
state(17,4): [0. 0. 0.]
state(17,5): [0. 0. 0.]
state(17,6): [0. 0. 0.]
state(17,7): [-0.96777672 -1.57491465  0.        ]
state(17,8): [-31.49604799 -31.78082099 -31.18823096]
state(17,9): [-39.00402642 -40.30201494 -40.46708307]
state(17,10): [-38.1199069  -37.86971925 -37.86951991]
state(17,11): [-24.66187034 -25.24308928 -25.84700361]
state(17,12): [-16.97683995 -13.84088917 -17.03481135]
state(17,13): [-11.62398959 -11.91382575 -11.54196815]
state(17,14): [-7.73841627 -7.62686337 -6.47985949]
state(17,15): [-6.03459031 -6.2027544  -5.52054493]
state(17,16): [-5.64115008 -5.46714231 -5.14827122]
state(17,17): [0. 0. 0.]
state(17,18): [0. 0. 0.]
state(17,19): [0. 0. 0.]
state(18,0): [0. 0. 0.]
state(18,1): [0. 0. 0.]
state(18,2): [0. 0. 0.]
state(18,3): [0. 0. 0.]
state(18,4): [0. 0. 0.]
state(18,5): [0. 0. 0.]
state(18,6): [0. 0. 0.]
state(18,7): [0. 0. 0.]
state(18,8): [0. 0. 0.]
state(18,9): [-18.30288592 -18.26892856 -18.85207032]
state(18,10): [-21.62168608 -20.46824186 -19.13654366]
state(18,11): [-18.23420512 -18.18156093 -18.17132332]
state(18,12): [-8.94773292 -7.64836195 -5.74945816]
state(18,13): [-5.5121395  -6.0407475  -5.99128657]
state(18,14): [-4.30307743 -4.2820067  -3.91953982]
state(18,15): [-3.68495993 -3.71324569 -3.05344212]
state(18,16): [-2.51699456 -2.60856906 -2.0073445 ]
state(18,17): [0. 0. 0.]
state(18,18): [0. 0. 0.]
state(18,19): [0. 0. 0.]
state(19,0): [0. 0. 0.]
state(19,1): [0. 0. 0.]
state(19,2): [0. 0. 0.]
state(19,3): [0. 0. 0.]
state(19,4): [0. 0. 0.]
state(19,5): [0. 0. 0.]
state(19,6): [0. 0. 0.]
state(19,7): [0. 0. 0.]
state(19,8): [0. 0. 0.]
state(19,9): [0. 0. 0.]
state(19,10): [0. 0. 0.]
state(19,11): [0. 0. 0.]
state(19,12): [0. 0. 0.]
state(19,13): [0. 0. 0.]
state(19,14): [0. 0. 0.]
state(19,15): [0. 0. 0.]
state(19,16): [0. 0. 0.]
state(19,17): [0. 0. 0.]
state(19,18): [0. 0. 0.]
state(19,19): [0. 0. 0.]
