state(0,0): [0. 0. 0.]
state(0,1): [0. 0. 0.]
state(0,2): [0. 0. 0.]
state(0,3): [0. 0. 0.]
state(0,4): [0. 0. 0.]
state(0,5): [0. 0. 0.]
state(0,6): [0. 0. 0.]
state(0,7): [0. 0. 0.]
state(0,8): [0. 0. 0.]
state(0,9): [0. 0. 0.]
state(0,10): [0. 0. 0.]
state(0,11): [0. 0. 0.]
state(0,12): [0. 0. 0.]
state(0,13): [0. 0. 0.]
state(0,14): [0. 0. 0.]
state(0,15): [0. 0. 0.]
state(0,16): [0. 0. 0.]
state(0,17): [0. 0. 0.]
state(0,18): [0. 0. 0.]
state(0,19): [0. 0. 0.]
state(1,0): [0. 0. 0.]
state(1,1): [0. 0. 0.]
state(1,2): [-9.63523134 -9.60955824 -9.61303881]
state(1,3): [-9.50600726 -9.50591175 -9.5059064 ]
state(1,4): [-9.45668762 -9.45678291 -9.45744804]
state(1,5): [-9.41941654 -9.41965746 -9.41955114]
state(1,6): [-9.33448834 -9.33455704 -9.33467401]
state(1,7): [-9.30320257 -9.30326528 -9.30320404]
state(1,8): [-9.29280054 -9.29279825 -9.29274232]
state(1,9): [-9.36039797 -9.36034172 -9.36049109]
state(1,10): [-9.40767203 -9.40762872 -9.40765325]
state(1,11): [-9.38689478 -9.38686499 -9.38687728]
state(1,12): [-9.37454912 -9.37454748 -9.37452775]
state(1,13): [-9.33941833 -9.33957293 -9.33966069]
state(1,14): [0. 0. 0.]
state(1,15): [0. 0. 0.]
state(1,16): [0. 0. 0.]
state(1,17): [0. 0. 0.]
state(1,18): [0. 0. 0.]
state(1,19): [0. 0. 0.]
state(2,0): [0. 0. 0.]
state(2,1): [-10.0031123   -9.63911972  -9.59777688]
state(2,2): [-9.56966391 -9.56886054 -9.6733017 ]
state(2,3): [-9.476289   -9.47605893 -9.4763616 ]
state(2,4): [-9.39313876 -9.39299474 -9.39336025]
state(2,5): [-9.22819355 -9.22807615 -9.22825499]
state(2,6): [-9.1366278  -9.13668745 -9.13689998]
state(2,7): [-9.01003903 -9.01003921 -9.01021621]
state(2,8): [-9.00330541 -9.0032924  -9.00330845]
state(2,9): [-8.97734991 -8.97732607 -8.97744478]
state(2,10): [-8.95109981 -8.95098214 -8.95099319]
state(2,11): [-9.01576133 -9.01592872 -9.01571422]
state(2,12): [-9.12503368 -9.12506554 -9.12513751]
state(2,13): [-9.30993145 -9.30985216 -9.30987644]
state(2,14): [-9.29271244 -9.29275069 -9.29270719]
state(2,15): [0. 0. 0.]
state(2,16): [0. 0. 0.]
state(2,17): [0. 0. 0.]
state(2,18): [0. 0. 0.]
state(2,19): [0. 0. 0.]
state(3,0): [0. 0. 0.]
state(3,1): [-9.13145449 -9.15410241 -9.12335954]
state(3,2): [-9.36104883 -9.36112131 -9.36210437]
state(3,3): [-9.33359994 -9.33391099 -9.33395657]
state(3,4): [-9.15915233 -9.15924566 -9.15940097]
state(3,5): [-9.04521084 -9.04532298 -9.04541496]
state(3,6): [-8.95274623 -8.95274866 -8.95282879]
state(3,7): [-8.95313389 -8.95320126 -8.95348626]
state(3,8): [-8.95064052 -8.95057565 -8.95062628]
state(3,9): [-8.94133599 -8.94135077 -8.94149228]
state(3,10): [-8.96347206 -8.96358715 -8.96353093]
state(3,11): [-8.98330541 -8.98351913 -8.9833121 ]
state(3,12): [-9.02167141 -9.02160528 -9.02161712]
state(3,13): [-9.09150029 -9.09158502 -9.09152603]
state(3,14): [-9.20497642 -9.20503563 -9.20501428]
state(3,15): [-9.19900866 -9.19899745 -9.19909621]
state(3,16): [0. 0. 0.]
state(3,17): [0. 0. 0.]
state(3,18): [0. 0. 0.]
state(3,19): [0. 0. 0.]
state(4,0): [0. 0. 0.]
state(4,1): [-9.04209956 -9.05441181 -9.12126079]
state(4,2): [-9.12770194 -9.12726058 -9.12793026]
state(4,3): [-9.10643317 -9.10700911 -9.10678611]
state(4,4): [-8.97657886 -8.9765112  -8.97711557]
state(4,5): [-8.89597612 -8.89610545 -8.8958836 ]
state(4,6): [-8.91124085 -8.91131684 -8.91135867]
state(4,7): [-8.8936684  -8.89371994 -8.89375593]
state(4,8): [-8.91231174 -8.91257764 -8.91231362]
state(4,9): [-8.94025349 -8.94009867 -8.94012696]
state(4,10): [-9.0398402  -9.03980456 -9.04002819]
state(4,11): [-9.0671256  -9.06709331 -9.06717077]
state(4,12): [-8.99523046 -8.99535019 -8.99524446]
state(4,13): [-8.96061417 -8.96079738 -8.96062506]
state(4,14): [-9.00655201 -9.00655941 -9.0066099 ]
state(4,15): [-9.12614832 -9.12617729 -9.12613755]
state(4,16): [-9.13498472 -9.13483393 -9.13490748]
state(4,17): [0. 0. 0.]
state(4,18): [0. 0. 0.]
state(4,19): [0. 0. 0.]
state(5,0): [0. 0. 0.]
state(5,1): [-8.82223433 -8.8219187  -8.82839165]
state(5,2): [-8.8884846  -8.88864254 -8.89076437]
state(5,3): [-8.88783456 -8.88791407 -8.88907183]
state(5,4): [-8.85169842 -8.85173103 -8.85180805]
state(5,5): [-8.84456478 -8.84453662 -8.84468833]
state(5,6): [-8.91429682 -8.91432553 -8.91422593]
state(5,7): [-8.93685041 -8.93685687 -8.93706706]
state(5,8): [-8.92629467 -8.92621008 -8.9262608 ]
state(5,9): [-8.94609499 -8.94620004 -8.94612774]
state(5,10): [-8.97722307 -8.9771959  -8.97718128]
state(5,11): [-9.03351411 -9.03340257 -9.03349338]
state(5,12): [-9.0336229  -9.03350952 -9.03403004]
state(5,13): [-8.97534438 -8.97541187 -8.97535373]
state(5,14): [-8.92908601 -8.92903953 -8.92913412]
state(5,15): [-8.98080674 -8.98088056 -8.98076061]
state(5,16): [-9.0894284  -9.08945082 -9.08953429]
state(5,17): [-9.20963236 -9.21357211 -9.2102388 ]
state(5,18): [0. 0. 0.]
state(5,19): [0. 0. 0.]
state(6,0): [0. 0. 0.]
state(6,1): [-8.49072488 -8.49372301 -8.52314094]
state(6,2): [-8.68048026 -8.68170852 -8.68079946]
state(6,3): [-8.74518304 -8.74511519 -8.74587571]
state(6,4): [-8.7872501  -8.78717014 -8.78733074]
state(6,5): [-8.90504255 -8.90501703 -8.90498168]
state(6,6): [-8.9665374  -8.96655781 -8.96647858]
state(6,7): [-8.97541401 -8.97549315 -8.97546742]
state(6,8): [-8.93569428 -8.93565726 -8.9355801 ]
state(6,9): [-8.92339661 -8.9234457  -8.92354218]
state(6,10): [-8.95258784 -8.95259252 -8.95262548]
state(6,11): [-9.01897718 -9.01883218 -9.01882553]
state(6,12): [-8.98987247 -8.98982671 -8.98985893]
state(6,13): [-8.98269029 -8.98266639 -8.98260052]
state(6,14): [-8.94903016 -8.94901137 -8.94899535]
state(6,15): [-8.92361803 -8.92348947 -8.92341377]
state(6,16): [-9.04115444 -9.0411219  -9.04105679]
state(6,17): [-9.08888522 -9.08894829 -9.09064227]
state(6,18): [0. 0. 0.]
state(6,19): [0. 0. 0.]
state(7,0): [0. 0. 0.]
state(7,1): [-8.21863149 -8.2199348  -8.29734474]
state(7,2): [-8.51898688 -8.51901275 -8.51904293]
state(7,3): [-8.62531001 -8.62533225 -8.62535878]
state(7,4): [-8.76262469 -8.76258907 -8.76255395]
state(7,5): [-8.94855697 -8.948466   -8.94854054]
state(7,6): [-8.9927441  -8.99269901 -8.99282651]
state(7,7): [-9.07508034 -9.07518955 -9.07515262]
state(7,8): [-9.02972153 -9.02977175 -9.02982197]
state(7,9): [-9.15959367 -9.15952292 -9.15961222]
state(7,10): [-9.68258822 -9.68263215 -9.68257355]
state(7,11): [-8.81253323 -8.8107116  -8.81068003]
state(7,12): [-8.97955186 -8.97880006 -8.97860747]
state(7,13): [-8.97531155 -8.97534405 -8.97534574]
state(7,14): [-9.00577499 -9.00566186 -9.00580709]
state(7,15): [-8.89474833 -8.89472903 -8.89468044]
state(7,16): [-8.97918078 -8.97920842 -8.97914595]
state(7,17): [-9.04202124 -9.04214929 -9.04215436]
state(7,18): [-1.99       -5.1234023  -2.87120362]
state(7,19): [0. 0. 0.]
state(8,0): [0. 0. 0.]
state(8,1): [-7.92116241 -7.92131319 -7.93293569]
state(8,2): [-8.35691697 -8.3573383  -8.36075866]
state(8,3): [-8.54071479 -8.54087986 -8.54108266]
state(8,4): [-8.7370027  -8.73691064 -8.73704721]
state(8,5): [-8.93697928 -8.93699915 -8.93711241]
state(8,6): [-9.00866209 -9.00873342 -9.00863049]
state(8,7): [-9.09616946 -9.09611157 -9.09663509]
state(8,8): [-9.02944491 -9.02947386 -9.02947415]
state(8,9): [-8.92737346 -8.92736218 -8.92742258]
state(8,10): [-10.37117904 -10.37114548 -10.37116813]
state(8,11): [-8.99576217 -8.99566836 -8.99563284]
state(8,12): [-9.00234178 -9.00244876 -9.0023312 ]
state(8,13): [-8.96181754 -8.96180768 -8.96182766]
state(8,14): [-8.96678946 -8.96669961 -8.96669111]
state(8,15): [-8.89904062 -8.89918157 -8.89909898]
state(8,16): [-8.95170722 -8.95152804 -8.95157454]
state(8,17): [-9.02152066 -9.02129086 -9.02130058]
state(8,18): [-8.93712785 -4.8674194  -4.4035438 ]
state(8,19): [0. 0. 0.]
state(9,0): [0. 0. 0.]
state(9,1): [-7.59935316 -7.60909319 -7.59982083]
state(9,2): [-8.23621188 -8.23614881 -8.23773338]
state(9,3): [-8.43950161 -8.44298732 -8.43974884]
state(9,4): [-8.68814345 -8.68821074 -8.68829192]
state(9,5): [-8.84337267 -8.84343331 -8.84348915]
state(9,6): [-8.98942526 -8.98930829 -8.98935273]
state(9,7): [-9.01602766 -9.01600888 -9.01592631]
state(9,8): [-8.99222952 -8.99237682 -8.99233354]
state(9,9): [-8.94424444 -8.94413311 -8.94412912]
state(9,10): [-8.91062956 -8.91075044 -8.91074146]
state(9,11): [-8.95483918 -8.95519514 -8.95488087]
state(9,12): [-9.00229139 -9.00232315 -9.00224328]
state(9,13): [-8.91225342 -8.91215906 -8.91208253]
state(9,14): [-8.928569   -8.92880118 -8.92854933]
state(9,15): [-8.8880605  -8.88798446 -8.88807366]
state(9,16): [-8.94214146 -8.94212738 -8.94233058]
state(9,17): [-9.00950507 -9.00915574 -9.00918299]
state(9,18): [-8.03620247 -8.3373673  -4.80001525]
state(9,19): [0. 0. 0.]
state(10,0): [0. 0. 0.]
state(10,1): [-7.42058585 -7.51555606 -7.58914721]
state(10,2): [-8.11496354 -8.1160143  -8.11695963]
state(10,3): [-8.34044895 -8.34063123 -8.34085703]
state(10,4): [-8.62438082 -8.62439479 -8.62436782]
state(10,5): [-8.7581481  -8.758259   -8.75811928]
state(10,6): [-8.91471048 -8.91480958 -8.91488045]
state(10,7): [-8.97016957 -8.97020632 -8.9702182 ]
state(10,8): [-8.92160059 -8.92152459 -8.92153702]
state(10,9): [-8.90295684 -8.90298437 -8.90310347]
state(10,10): [-8.89117566 -8.89125116 -8.89130452]
state(10,11): [-8.89163436 -8.89160873 -8.89168034]
state(10,12): [-8.88177619 -8.88192804 -8.88200066]
state(10,13): [-8.9060355  -8.90616138 -8.90602646]
state(10,14): [-8.86110305 -8.86089976 -8.86118195]
state(10,15): [-8.86951505 -8.86947871 -8.86950399]
state(10,16): [-8.96005853 -8.96011288 -8.96019687]
state(10,17): [-8.98822761 -8.98812901 -8.98916061]
state(10,18): [-7.77102948 -9.04962441 -7.20058622]
state(10,19): [0. 0. 0.]
state(11,0): [0. 0. 0.]
state(11,1): [0. 0. 0.]
state(11,2): [-8.12376587 -8.12059414 -8.12035426]
state(11,3): [-8.30857996 -8.3094459  -8.30874215]
state(11,4): [-8.52703778 -8.52773741 -8.5272251 ]
state(11,5): [-8.73198838 -8.73215885 -8.73201684]
state(11,6): [-8.81697813 -8.81700972 -8.81693497]
state(11,7): [-8.91014573 -8.91017273 -8.91021818]
state(11,8): [-8.93964104 -8.93964629 -8.93966926]
state(11,9): [-8.94235744 -8.94238537 -8.94240556]
state(11,10): [-8.94794672 -8.94804665 -8.94805654]
state(11,11): [-8.97395836 -8.97390691 -8.97387773]
state(11,12): [-8.97449163 -8.97475597 -8.97453172]
state(11,13): [-8.89759934 -8.89764592 -8.89757159]
state(11,14): [-8.84952094 -8.84950986 -8.84946246]
state(11,15): [-8.86297865 -8.86284971 -8.86291533]
state(11,16): [-8.94390984 -8.94366454 -8.94560368]
state(11,17): [-8.98087263 -8.98480511 -8.97935535]
state(11,18): [-9.5636756  -9.40910494 -9.50309992]
state(11,19): [0. 0. 0.]
state(12,0): [0. 0. 0.]
state(12,1): [0. 0. 0.]
state(12,2): [-8.0129573  -8.22271473 -8.0891762 ]
state(12,3): [-8.26390992 -8.28101045 -8.26425156]
state(12,4): [-8.49753845 -8.49781355 -8.49764778]
state(12,5): [-8.68955132 -8.68952082 -8.68985616]
state(12,6): [-8.79356709 -8.79352069 -8.79361167]
state(12,7): [-8.85459496 -8.85464669 -8.85466261]
state(12,8): [-8.91204083 -8.91215497 -8.91201531]
state(12,9): [-8.96991222 -8.96997226 -8.96996338]
state(12,10): [-8.97112551 -8.97134513 -8.97102443]
state(12,11): [-8.94345384 -8.94346679 -8.94345606]
state(12,12): [-8.89591199 -8.89584794 -8.89593912]
state(12,13): [-8.86333904 -8.8634973  -8.8634308 ]
state(12,14): [-8.84051929 -8.84053628 -8.8405184 ]
state(12,15): [-8.85700144 -8.85700079 -8.85718524]
state(12,16): [-8.8727556  -8.87306501 -8.87240933]
state(12,17): [-8.85137496 -8.84627924 -8.84852147]
state(12,18): [0. 0. 0.]
state(12,19): [0. 0. 0.]
state(13,0): [0. 0. 0.]
state(13,1): [0. 0. 0.]
state(13,2): [0. 0. 0.]
state(13,3): [-8.16391911 -8.20996334 -8.20720411]
state(13,4): [-8.42850894 -8.42905897 -8.43928388]
state(13,5): [-8.65225097 -8.65226829 -8.6526007 ]
state(13,6): [-8.78533639 -8.78575743 -8.78544685]
state(13,7): [-8.82922341 -8.82915815 -8.82914698]
state(13,8): [-8.86551412 -8.8654798  -8.86553027]
state(13,9): [-8.87078293 -8.87078352 -8.87071252]
state(13,10): [-8.88524356 -8.88534178 -8.88531739]
state(13,11): [-8.89757282 -8.89765152 -8.89758017]
state(13,12): [-8.88724466 -8.88734961 -8.88734883]
state(13,13): [-8.86327343 -8.86327522 -8.86319115]
state(13,14): [-8.82117076 -8.82094149 -8.82108295]
state(13,15): [-8.78147196 -8.78132365 -8.78176523]
state(13,16): [-8.7844273  -8.78244996 -8.78300976]
state(13,17): [-9.31880089 -9.54996574 -5.21191672]
state(13,18): [0. 0. 0.]
state(13,19): [0. 0. 0.]
state(14,0): [0. 0. 0.]
state(14,1): [0. 0. 0.]
state(14,2): [0. 0. 0.]
state(14,3): [0. 0. 0.]
state(14,4): [-8.3572424  -8.34517766 -8.33877481]
state(14,5): [-8.5672887  -8.57033305 -8.58542713]
state(14,6): [-8.73123163 -8.73131828 -8.73129946]
state(14,7): [-8.80155694 -8.80165124 -8.80153302]
state(14,8): [-8.84731026 -8.84729933 -8.8472465 ]
state(14,9): [-8.85883024 -8.85878473 -8.85888756]
state(14,10): [-8.87622488 -8.87618072 -8.8762217 ]
state(14,11): [-8.86078259 -8.86083927 -8.8607193 ]
state(14,12): [-8.85399603 -8.85410694 -8.85403638]
state(14,13): [-8.83088726 -8.83096711 -8.83094515]
state(14,14): [-8.69642809 -8.69582571 -8.69548518]
state(14,15): [-8.67319639 -8.67187997 -8.67209569]
state(14,16): [-8.60355175 -8.57132284 -8.52296627]
state(14,17): [0. 0. 0.]
state(14,18): [0. 0. 0.]
state(14,19): [0. 0. 0.]
state(15,0): [0. 0. 0.]
state(15,1): [0. 0. 0.]
state(15,2): [0. 0. 0.]
state(15,3): [0. 0. 0.]
state(15,4): [0. 0. 0.]
state(15,5): [-8.47293362 -8.47182553 -8.47232886]
state(15,6): [-8.57830497 -8.57869226 -8.63717902]
state(15,7): [-8.72301996 -8.72237904 -8.72247702]
state(15,8): [-8.76063252 -8.76033816 -8.76029883]
state(15,9): [-8.8313683  -8.83140074 -8.83138502]
state(15,10): [-8.81351941 -8.81335704 -8.81331657]
state(15,11): [-8.79541936 -8.79543383 -8.79544865]
state(15,12): [-8.69056864 -8.6905223  -8.69044617]
state(15,13): [-8.5724176  -8.57231157 -8.57241412]
state(15,14): [-8.51545672 -8.51566153 -8.51558879]
state(15,15): [-8.4384946  -8.43998898 -8.43845362]
state(15,16): [-9.28131168 -1.         -1.        ]
state(15,17): [0. 0. 0.]
state(15,18): [0. 0. 0.]
state(15,19): [0. 0. 0.]
state(16,0): [0. 0. 0.]
state(16,1): [0. 0. 0.]
state(16,2): [0. 0. 0.]
state(16,3): [0. 0. 0.]
state(16,4): [0. 0. 0.]
state(16,5): [0. 0. 0.]
state(16,6): [-8.35050146 -8.34318216 -8.33953498]
state(16,7): [-8.44790896 -8.45004653 -8.45404747]
state(16,8): [-8.67665239 -8.67590212 -8.67573345]
state(16,9): [-8.69358355 -8.69371492 -8.69361657]
state(16,10): [-8.6564484  -8.65642413 -8.65658482]
state(16,11): [-8.54865521 -8.54870978 -8.54869522]
state(16,12): [-8.38951796 -8.38924086 -8.38912638]
state(16,13): [-8.13906671 -8.14014291 -8.13904363]
state(16,14): [-7.39293073 -7.46372137 -6.99548839]
state(16,15): [-6.15498699 -7.25920759 -3.80900022]
state(16,16): [-3.48504352  0.          0.        ]
state(16,17): [0. 0. 0.]
state(16,18): [0. 0. 0.]
state(16,19): [0. 0. 0.]
state(17,0): [0. 0. 0.]
state(17,1): [0. 0. 0.]
state(17,2): [0. 0. 0.]
state(17,3): [0. 0. 0.]
state(17,4): [0. 0. 0.]
state(17,5): [0. 0. 0.]
state(17,6): [0. 0. 0.]
state(17,7): [-8.0479639  -8.02140547 -7.97535118]
state(17,8): [-8.38655858 -8.38785439 -8.4069313 ]
state(17,9): [-8.34359718 -8.34397048 -8.34343844]
state(17,10): [-8.12361017 -8.12338376 -8.1234531 ]
state(17,11): [-7.880399  -7.8802985 -7.8803301]
state(17,12): [-7.59848531 -7.59727318 -7.59739863]
state(17,13): [-6.67087115 -6.47214384 -6.00966659]
state(17,14): [-4.84909413 -4.80451918 -4.75935592]
state(17,15): [-3.63436777 -5.4949168  -1.        ]
state(17,16): [0. 0. 0.]
state(17,17): [0. 0. 0.]
state(17,18): [0. 0. 0.]
state(17,19): [0. 0. 0.]
state(18,0): [0. 0. 0.]
state(18,1): [0. 0. 0.]
state(18,2): [0. 0. 0.]
state(18,3): [0. 0. 0.]
state(18,4): [0. 0. 0.]
state(18,5): [0. 0. 0.]
state(18,6): [0. 0. 0.]
state(18,7): [0. 0. 0.]
state(18,8): [0. 0. 0.]
state(18,9): [-7.8367314  -7.77233311 -7.77129046]
state(18,10): [-7.44819127 -7.44817373 -7.44875246]
state(18,11): [-7.17294735 -7.17341492 -7.17195863]
state(18,12): [-5.33626526 -5.12183304 -5.07166158]
state(18,13): [-4.21850315 -3.64698669 -3.63890634]
state(18,14): [-4.07711365 -3.26613977 -2.34198617]
state(18,15): [-3.30922534 -3.14796973  0.        ]
state(18,16): [0. 0. 0.]
state(18,17): [0. 0. 0.]
state(18,18): [0. 0. 0.]
state(18,19): [0. 0. 0.]
state(19,0): [0. 0. 0.]
state(19,1): [0. 0. 0.]
state(19,2): [0. 0. 0.]
state(19,3): [0. 0. 0.]
state(19,4): [0. 0. 0.]
state(19,5): [0. 0. 0.]
state(19,6): [0. 0. 0.]
state(19,7): [0. 0. 0.]
state(19,8): [0. 0. 0.]
state(19,9): [0. 0. 0.]
state(19,10): [0. 0. 0.]
state(19,11): [0. 0. 0.]
state(19,12): [0. 0. 0.]
state(19,13): [0. 0. 0.]
state(19,14): [0. 0. 0.]
state(19,15): [0. 0. 0.]
state(19,16): [0. 0. 0.]
state(19,17): [0. 0. 0.]
state(19,18): [0. 0. 0.]
state(19,19): [0. 0. 0.]
